<?xml version="1.0"?>
<opencv_storage>
<pic1_mean>
  9.9820385785461440e+01 1.1577588536138184e+02 1.4735471337806061e+02
  <_>
    pic1_dev
    <_>
      5.2220805588076402e+01 6.3286165727283226e+01
      6.4968786541477229e+01</_>
    pic2_mean
    <_>
      8.7229584503572937e+01 1.0367829626657593e+02
      1.3189524472185965e+02
      <_>
        pic2_dev
        <_>
          6.1967605570743963e+01 6.4019656212497182e+01
          6.3320589449976083e+01</_>
        pic3_mean
        <_>
          1.4696425288348732e+02 1.2298889520917028e+02
          9.0512928079147983e+01
          <_>
            pic3_dev
            <_>
              5.2209014739788394e+01 5.7600374890722186e+01
              5.5075925774060778e+01</_></_></_></_></_></_></pic1_mean>
</opencv_storage>
